002583
008952
006042
001600
001055
009032
005863
000335
048429
002596
000940
000663
049025
008918
049421
000780
005816
002412
001465
002600
012629
049071
000584
008995
001599
005675
000988
002042
002190
002202
004427
006061
011706
002668
001451
006032
001223
000755
005898
012813
009012
048981
002814
010405
012873
002218
011252
009016
000336
010627
002041
000945
009657
000756
001483
009870
001924
012757
049111
002160
004429
002381
001282
002714
000828
002688
001510
008564
002134
000927
002275
003186
002645
002138
002156
000858
008934
001474
002739
007991
002769
009432
049459
049908
002207
049033
000125
002515
048422
008203
008574
002547
002925
002084
001757
002264
013505
002229
002766
006360
002708
001100
000920
013506
002822
000734
004447
002368
000721
012898
002196
003259
005829
001254
002197
048857
